11
1 1 6 2023 Z1653456M 10 0.000000 AA013JG 11 6 2023
2 1 6 2023 S6842543A 5 0.000000 AA025ZM 6 6 2023
3 1 6 2023 J4762461P 15 0.000000 AA456AB 16 6 2023
4 1 6 2023 J4615462G 7 0.000000 AA123SH 8 6 2023
5 1 6 2023 Z1653456M 20 0.000000 AA789YL 21 6 2023
6 1 6 2023 S6842543A 19 0.000000 AA024SA 20 6 2023
7 1 6 2023 Z1653456M 1 0.000000 AA789YL 2 6 2023
8 1 6 2023 J4615462G 3 0.000000 AA123TK 4 6 2023
9 1 6 2023 J4762461P 4 0.000000 AA789YL 5 6 2023
10 1 6 2023 S6842543A 5 0.000000 AA123TK 6 6 2023
11 7 6 2003 zm252004 13 11700.000000 AA456GA 20 6 2023
